3601; 0
3602; 0,5
3603; 1
3604; 1,5
3605; 2
3606; 2,5
3607; 3
3608; 3,5
3609; 4
3610; 4,5
3611; 5
3612; 5,5
3613; 6
3614; 6,5
3615; 7
3616; 7,5
3617; 8
3618; 8,5
3619; 9
3620; 9,5
3621; 10
3622; 10,5
3623; 11
3624; 11,5
3625; 12
3626; 12,5
3627; 13
3628; 13,5
3629; 14
3630; 14,5
3631; 15
3632; 15,5
3633; 16
3634; 16,5
3635; 17
3636; 17,5
3637; 18
3638; 18,5
3639; 19
3640; 19,5
3641; 20
3642; 20,5
3643; 21
3644; 21,5
3645; 22
3646; 22,5
3647; 23
3648; 23,5
3649; 24
3650; 24,5
3651; 25
3652; 25,5
3653; 26
3654; 26,5
3655; 27
3656; 27,5
3657; 28
3658; 28,5
3659; 29
3660; 29,5
3661; 30
3662; 30,5
3663; 31
3664; 31,5
3665; 32
3666; 32,5
3667; 33
3668; 33,5
3669; 34
3670; 34,5
3671; 35
3672; 35,5
3673; 36
3674; 36,5
3675; 37
3676; 37,5
3677; 38
3678; 38,5
3679; 39
3680; 39,5
3681; 40
3682; 40,5
3683; 41
3684; 41,5
3685; 42
3686; 42,5
3687; 43
3688; 43,5
3689; 44
3690; 44,5
3691; 45
3692; 45,5
3693; 46
3694; 46,5
3695; 47
3696; 47,5
3697; 48
3698; 48,5
3699; 49
3700; 49,5
3701; 50
3702; 50,5
3703; 51
3704; 51,5
3705; 52
3706; 52,5
3707; 53
3708; 53,5
3709; 54
3710; 54,5
3711; 55
3712; 55,5
3713; 56
3714; 56,5
3715; 57
3716; 57,5
3717; 58
3718; 58,5
3719; 59
3720; 59,5
3721; 60
3722; 60,5
3723; 61
3724; 61,5
3725; 62
3726; 62,5
3727; 63
3728; 63,5
3729; 64
3730; 64,5
3731; 65
3732; 65,5
3733; 66
3734; 66,5
3735; 67
3736; 67,5
3737; 68
3738; 68,5
3739; 69
3740; 69,5
3741; 70
3742; 70,5
3743; 71
3744; 71,5
3745; 72
3746; 72,5
3747; 73
3748; 73,5
3749; 74
3750; 74,5
3751; 75
3752; 75,5
3753; 76
3754; 76,5
3755; 77
3756; 77,5
3757; 78
3758; 78,5
3759; 79
3760; 79,5
3761; 80
3762; 80,5
3763; 81
3764; 81,5
3765; 82
3766; 82,5
3767; 83
3768; 83,5
3769; 84
3770; 84,5
3771; 85
3772; 85,5
3773; 86
3774; 86,5
3775; 87
3776; 87,5
3777; 88
3778; 88,5
3779; 89
3780; 89,5
3781; 90
3782; 90,5
3783; 91
3784; 91,5
3785; 92
3786; 92,5
3787; 93
3788; 93,5
3789; 94
3790; 94,5
3791; 95
3792; 95,5
3793; 96
3794; 96,5
3795; 97
3796; 97,5
3797; 98
3798; 98,5
3799; 99
3800; 99,5
3801; 100
3802; 100,5
3803; 101
3804; 101,5
3805; 102
3806; 102,5
3807; 103
3808; 103,5
3809; 104
3810; 104,5
3811; 105
3812; 105,5
3813; 106
3814; 106,5
3815; 107
3816; 107,5
3817; 108
3818; 108,5
3819; 109
3820; 109,5
3821; 110
3822; 110,5
3823; 111
3824; 111,5
3825; 112
3826; 112,5
3827; 113
3828; 113,5
3829; 114
3830; 114,5
3831; 115
3832; 115,5
3833; 116
3834; 116,5
3835; 117
3836; 117,5
3837; 118
3838; 118,5
3839; 119
3840; 119,5
3841; 120
3842; 120,5
3843; 121
3844; 121,5
3845; 122
3846; 122,5
3847; 123
3848; 123,5
3849; 124
3850; 124,5
3851; 125
3852; 125,5
3853; 126
3854; 126,5
3855; 127
3856; 127,5
3857; 128
3858; 128,5
3859; 129
3860; 129,5
3861; 130
3862; 130,5
3863; 131
3864; 131,5
3865; 132
3866; 132,5
3867; 133
3868; 133,5
3869; 134
3870; 134,5
3871; 135
3872; 135,5
3873; 136
3874; 136,5
3875; 137
3876; 137,5
3877; 138
3878; 138,5
3879; 139
3880; 139,5
3881; 140
3882; 140,5
3883; 141
3884; 141,5
3885; 142
3886; 142,5
3887; 143
3888; 143,5
3889; 144
3890; 144,5
3891; 145
3892; 145,5
3893; 146
3894; 146,5
3895; 147
3896; 147,5
3897; 148
3898; 148,5
3899; 149
3900; 149,5
3901; 150
3902; 150,5
3903; 151
3904; 151,5
3905; 152
3906; 152,5
3907; 153
3908; 153,5
3909; 154
3910; 154,5
3911; 155
3912; 155,5
3913; 156
3914; 156,5
3915; 157
3916; 157,5
3917; 158
3918; 158,5
3919; 159
3920; 159,5
3921; 160
3922; 160,5
3923; 161
3924; 161,5
3925; 162
3926; 162,5
3927; 163
3928; 163,5
3929; 164
3930; 164,5
3931; 165
3932; 165,5
3933; 166
3934; 166,5
3935; 167
3936; 167,5
3937; 168
3938; 168,5
3939; 169
3940; 169,5
3941; 170
3942; 170,5
3943; 171
3944; 171,5
3945; 172
3946; 172,5
3947; 173
3948; 173,5
3949; 174
3950; 174,5
3951; 175
3952; 175,5
3953; 176
3954; 176,5
3955; 177
3956; 177,5
3957; 178
3958; 178,5
3959; 179
3960; 179,5
3961; 180
3962; 180,5
3963; 181
3964; 181,5
3965; 182
3966; 182,5
3967; 183
3968; 183,5
3969; 184
3970; 184,5
3971; 185
3972; 185,5
3973; 186
3974; 186,5
3975; 187
3976; 187,5
3977; 188
3978; 188,5
3979; 189
3980; 189,5
3981; 190
3982; 190,5
3983; 191
3984; 191,5
3985; 192
3986; 192,5
3987; 193
3988; 193,5
3989; 194
3990; 194,5
3991; 195
3992; 195,5
3993; 196
3994; 196,5
3995; 197
3996; 197,5
3997; 198
3998; 198,5
3999; 199
4000; 199,5
4001; 200
4002; 200,5
4003; 201
4004; 201,5
4005; 202
4006; 202,5
4007; 203
4008; 203,5
4009; 204
4010; 204,5
4011; 205
4012; 205,5
4013; 206
4014; 206,5
4015; 207
4016; 207,5
4017; 208
4018; 208,5
4019; 209
4020; 209,5
4021; 210
4022; 210,5
4023; 211
4024; 211,5
4025; 212
4026; 212,5
4027; 213
4028; 213,5
4029; 214
4030; 214,5
4031; 215
4032; 215,5
4033; 216
4034; 216,5
4035; 217
4036; 217,5
4037; 218
4038; 218,5
4039; 219
4040; 219,5
4041; 220
4042; 220,5
4043; 221
4044; 221,5
4045; 222
4046; 222,5
4047; 223
4048; 223,5
4049; 224
4050; 224,5
4051; 225
4052; 225,5
4053; 226
4054; 226,5
4055; 227
4056; 227,5
4057; 228
4058; 228,5
4059; 229
4060; 229,5
4061; 230
4062; 230,5
4063; 231
4064; 231,5
4065; 232
4066; 232,5
4067; 233
4068; 233,5
4069; 234
4070; 234,5
4071; 235
4072; 235,5
4073; 236
4074; 236,5
4075; 237
4076; 237,5
4077; 238
4078; 238,5
4079; 239
4080; 239,5
4081; 240
4082; 240,5
4083; 241
4084; 241,5
4085; 242
4086; 242,5
4087; 243
4088; 243,5
4089; 244
4090; 244,5
4091; 245
4092; 245,5
4093; 246
4094; 246,5
4095; 247
4096; 247,5
4097; 248
4098; 248,5
4099; 249
4100; 249,5
4101; 250
4102; 250,5
4103; 251
4104; 251,5
4105; 252
4106; 252,5
4107; 253
4108; 253,5
4109; 254
4110; 254,5
4111; 255
4112; 255,5
4113; 256
4114; 256,5
4115; 257
4116; 257,5
4117; 258
4118; 258,5
4119; 259
4120; 259,5
4121; 260
4122; 260,5
4123; 261
4124; 261,5
4125; 262
4126; 262,5
4127; 263
4128; 263,5
4129; 264
4130; 264,5
4131; 265
4132; 265,5
4133; 266
4134; 266,5
4135; 267
4136; 267,5
4137; 268
4138; 268,5
4139; 269
4140; 269,5
4141; 270
4142; 270,5
4143; 271
4144; 271,5
4145; 272
4146; 272,5
4147; 273
4148; 273,5
4149; 274
4150; 274,5
4151; 275
4152; 275,5
4153; 276
4154; 276,5
4155; 277
4156; 277,5
4157; 278
4158; 278,5
4159; 279
4160; 279,5
4161; 280
4162; 280,5
4163; 281
4164; 281,5
4165; 282
4166; 282,5
4167; 283
4168; 283,5
4169; 284
4170; 284,5
4171; 285
4172; 285,5
4173; 286
4174; 286,5
4175; 287
4176; 287,5
4177; 288
4178; 288,5
4179; 289
4180; 289,5
4181; 290
4182; 290,5
4183; 291
4184; 291,5
4185; 292
4186; 292,5
4187; 293
4188; 293,5
4189; 294
4190; 294,5
4191; 295
4192; 295,5
4193; 296
4194; 296,5
4195; 297
4196; 297,5
4197; 298
4198; 298,5
4199; 299
4200; 299,5
4201; 300
4202; 300,5
4203; 301
4204; 301,5
4205; 302
4206; 302,5
4207; 303
4208; 303,5
4209; 304
4210; 304,5
4211; 305
4212; 305,5
4213; 306
4214; 306,5
4215; 307
4216; 307,5
4217; 308
4218; 308,5
4219; 309
4220; 309,5
4221; 310
4222; 310,5
4223; 311
4224; 311,5
4225; 312
4226; 312,5
4227; 313
4228; 313,5
4229; 314
4230; 314,5
4231; 315
4232; 315,5
4233; 316
4234; 316,5
4235; 317
4236; 317,5
4237; 318
4238; 318,5
4239; 319
4240; 319,5
4241; 320
4242; 320,5
4243; 321
4244; 321,5
4245; 322
4246; 322,5
4247; 323
4248; 323,5
4249; 324
4250; 324,5
4251; 325
4252; 325,5
4253; 326
4254; 326,5
4255; 327
4256; 327,5
4257; 328
4258; 328,5
4259; 329
4260; 329,5
4261; 330
4262; 330,5
4263; 331
4264; 331,5
4265; 332
4266; 332,5
4267; 333
4268; 333,5
4269; 334
4270; 334,5
4271; 335
4272; 335,5
4273; 336
4274; 336,5
4275; 337
4276; 337,5
4277; 338
4278; 338,5
4279; 339
4280; 339,5
4281; 340
4282; 340,5
4283; 341
4284; 341,5
4285; 342
4286; 342,5
4287; 343
4288; 343,5
4289; 344
4290; 344,5
4291; 345
4292; 345,5
4293; 346
4294; 346,5
4295; 347
4296; 347,5
4297; 348
4298; 348,5
4299; 349
4300; 349,5
4301; 350
4302; 350,5
4303; 351
4304; 351,5
4305; 352
4306; 352,5
4307; 353
4308; 353,5
4309; 354
4310; 354,5
4311; 355
4312; 355,5
4313; 356
4314; 356,5
4315; 357
4316; 357,5
4317; 358
4318; 358,5
4319; 359
4320; 359,5
4321; 360
4322; 360,5
4323; 361
4324; 361,5
4325; 362
4326; 362,5
4327; 363
4328; 363,5
4329; 364
4330; 364,5
4331; 365
4332; 365,5
4333; 366
4334; 366,5
4335; 367
4336; 367,5
4337; 368
4338; 368,5
4339; 369
4340; 369,5
4341; 370
4342; 370,5
4343; 371
4344; 371,5
4345; 372
4346; 372,5
4347; 373
4348; 373,5
4349; 374
4350; 374,5
4351; 375
4352; 375,5
4353; 376
4354; 376,5
4355; 377
4356; 377,5
4357; 378
4358; 378,5
4359; 379
4360; 379,5
4361; 380
4362; 380,5
4363; 381
4364; 381,5
4365; 382
4366; 382,5
4367; 383
4368; 383,5
4369; 384
4370; 384,5
4371; 385
4372; 385,5
4373; 386
4374; 386,5
4375; 387
4376; 387,5
4377; 388
4378; 388,5
4379; 389
4380; 389,5
4381; 390
4382; 390,5
4383; 391
4384; 391,5
4385; 392
4386; 392,5
4387; 393
4388; 393,5
4389; 394
4390; 394,5
4391; 395
4392; 395,5
4393; 396
4394; 396,5
4395; 397
4396; 397,5
4397; 398
4398; 398,5
4399; 399
4400; 399,5
4401; 400
4402; 400,5
4403; 401
4404; 401,5
4405; 402
4406; 402,5
4407; 403
4408; 403,5
4409; 404
4410; 404,5
4411; 405
4412; 405,5
4413; 406
4414; 406,5
4415; 407
4416; 407,5
4417; 408
4418; 408,5
4419; 409
4420; 409,5
4421; 410
4422; 410,5
4423; 411
4424; 411,5
4425; 412
4426; 412,5
4427; 413
4428; 413,5
4429; 414
4430; 414,5
4431; 415
4432; 415,5
4433; 416
4434; 416,5
4435; 417
4436; 417,5
4437; 418
4438; 418,5
4439; 419
4440; 419,5
4441; 420
4442; 420,5
4443; 421
4444; 421,5
4445; 422
4446; 422,5
4447; 423
4448; 423,5
4449; 424
4450; 424,5
4451; 425
4452; 425,5
4453; 426
4454; 426,5
4455; 427
4456; 427,5
4457; 428
4458; 428,5
4459; 429
4460; 429,5
4461; 430
4462; 430,5
4463; 431
4464; 431,5
4465; 432
4466; 432,5
4467; 433
4468; 433,5
4469; 434
4470; 434,5
4471; 435
4472; 435,5
4473; 436
4474; 436,5
4475; 437
4476; 437,5
4477; 438
4478; 438,5
4479; 439
4480; 439,5
4481; 440
4482; 440,5
4483; 441
4484; 441,5
4485; 442
4486; 442,5
4487; 443
4488; 443,5
4489; 444
4490; 444,5
4491; 445
4492; 445,5
4493; 446
4494; 446,5
4495; 447
4496; 447,5
4497; 448
4498; 448,5
4499; 449
4500; 449,5
4501; 450
4502; 450,5
4503; 451
4504; 451,5
4505; 452
4506; 452,5
4507; 453
4508; 453,5
4509; 454
4510; 454,5
4511; 455
4512; 455,5
4513; 456
4514; 456,5
4515; 457
4516; 457,5
4517; 458
4518; 458,5
4519; 459
4520; 459,5
4521; 460
4522; 460,5
4523; 461
4524; 461,5
4525; 462
4526; 462,5
4527; 463
4528; 463,5
4529; 464
4530; 464,5
4531; 465
4532; 465,5
4533; 466
4534; 466,5
4535; 467
4536; 467,5
4537; 468
4538; 468,5
4539; 469
4540; 469,5
4541; 470
4542; 470,5
4543; 471
4544; 471,5
4545; 472
4546; 472,5
4547; 473
4548; 473,5
4549; 474
4550; 474,5
4551; 475
4552; 475,5
4553; 476
4554; 476,5
4555; 477
4556; 477,5
4557; 478
4558; 478,5
4559; 479
4560; 479,5
4561; 480
4562; 480,5
4563; 481
4564; 481,5
4565; 482
4566; 482,5
4567; 483
4568; 483,5
4569; 484
4570; 484,5
4571; 485
4572; 485,5
4573; 486
4574; 486,5
4575; 487
4576; 487,5
4577; 488
4578; 488,5
4579; 489
4580; 489,5
4581; 490
4582; 490,5
4583; 491
4584; 491,5
4585; 492
4586; 492,5
4587; 493
4588; 493,5
4589; 494
4590; 494,5
4591; 495
4592; 495,5
4593; 496
4594; 496,5
4595; 497
4596; 497,5
4597; 498
4598; 498,5
4599; 499
4600; 499,5
4601; 500
4602; 500,5
4603; 501
4604; 501,5
4605; 502
4606; 502,5
4607; 503
4608; 503,5
4609; 504
4610; 504,5
4611; 505
4612; 505,5
4613; 506
4614; 506,5
4615; 507
4616; 507,5
4617; 508
4618; 508,5
4619; 509
4620; 509,5
4621; 510
4622; 510,5
4623; 511
4624; 511,5
4625; 512
4626; 512,5
4627; 513
4628; 513,5
4629; 514
4630; 514,5
4631; 515
4632; 515,5
4633; 516
4634; 516,5
4635; 517
4636; 517,5
4637; 518
4638; 518,5
4639; 519
4640; 519,5
4641; 520
4642; 520,5
4643; 521
4644; 521,5
4645; 522
4646; 522,5
4647; 523
4648; 523,5
4649; 524
4650; 524,5
4651; 525
4652; 525,5
4653; 526
4654; 526,5
4655; 527
4656; 527,5
4657; 528
4658; 528,5
4659; 529
4660; 529,5
4661; 530
4662; 530,5
4663; 531
4664; 531,5
4665; 532
4666; 532,5
4667; 533
4668; 533,5
4669; 534
4670; 534,5
4671; 535
4672; 535,5
4673; 536
4674; 536,5
4675; 537
4676; 537,5
4677; 538
4678; 538,5
4679; 539
4680; 539,5
4681; 540
4682; 540,5
4683; 541
4684; 541,5
4685; 542
4686; 542,5
4687; 543
4688; 543,5
4689; 544
4690; 544,5
4691; 545
4692; 545,5
4693; 546
4694; 546,5
4695; 547
4696; 547,5
4697; 548
4698; 548,5
4699; 549
4700; 549,5
4701; 550
4702; 550,5
4703; 551
4704; 551,5
4705; 552
4706; 552,5
4707; 553
4708; 553,5
4709; 554
4710; 554,5
4711; 555
4712; 555,5
4713; 556
4714; 556,5
4715; 557
4716; 557,5
4717; 558
4718; 558,5
4719; 559
4720; 559,5
4721; 560
4722; 560,5
4723; 561
4724; 561,5
4725; 562
4726; 562,5
4727; 563
4728; 563,5
4729; 564
4730; 564,5
4731; 565
4732; 565,5
4733; 566
4734; 566,5
4735; 567
4736; 567,5
4737; 568
4738; 568,5
4739; 569
4740; 569,5
4741; 570
4742; 570,5
4743; 571
4744; 571,5
4745; 572
4746; 572,5
4747; 573
4748; 573,5
4749; 574
4750; 574,5
4751; 575
4752; 575,5
4753; 576
4754; 576,5
4755; 577
4756; 577,5
4757; 578
4758; 578,5
4759; 579
4760; 579,5
4761; 580
4762; 580,5
4763; 581
4764; 581,5
4765; 582
4766; 582,5
4767; 583
4768; 583,5
4769; 584
4770; 584,5
4771; 585
4772; 585,5
4773; 586
4774; 586,5
4775; 587
4776; 587,5
4777; 588
4778; 588,5
4779; 589
4780; 589,5
4781; 590
4782; 590,5
4783; 591
4784; 591,5
4785; 592
4786; 592,5
4787; 593
4788; 593,5
4789; 594
4790; 594,5
4791; 595
4792; 595,5
4793; 596
4794; 596,5
4795; 597
4796; 597,5
4797; 598
4798; 598,5
4799; 599
4800; 599,5
4801; 600
4802; 600,5
4803; 601
4804; 601,5
4805; 602
4806; 602,5
4807; 603
4808; 603,5
4809; 604
4810; 604,5
4811; 605
4812; 605,5
4813; 606
4814; 606,5
4815; 607
4816; 607,5
4817; 608
4818; 608,5
4819; 609
4820; 609,5
4821; 610
4822; 610,5
4823; 611
4824; 611,5
4825; 612
4826; 612,5
4827; 613
4828; 613,5
4829; 614
4830; 614,5
4831; 615
4832; 615,5
4833; 616
4834; 616,5
4835; 617
4836; 617,5
4837; 618
4838; 618,5
4839; 619
4840; 619,5
4841; 620
4842; 620,5
4843; 621
4844; 621,5
4845; 622
4846; 622,5
4847; 623
4848; 623,5
4849; 624
4850; 624,5
4851; 625
4852; 625,5
4853; 626
4854; 626,5
4855; 627
4856; 627,5
4857; 628
4858; 628,5
4859; 629
4860; 629,5
4861; 630
4862; 630,5
4863; 631
4864; 631,5
4865; 632
4866; 632,5
4867; 633
4868; 633,5
4869; 634
4870; 634,5
4871; 635
4872; 635,5
4873; 636
4874; 636,5
4875; 637
4876; 637,5
4877; 638
4878; 638,5
4879; 639
4880; 639,5
4881; 640
4882; 640,5
4883; 641
4884; 641,5
4885; 642
4886; 642,5
4887; 643
4888; 643,5
4889; 644
4890; 644,5
4891; 645
4892; 645,5
4893; 646
4894; 646,5
4895; 647
4896; 647,5
4897; 648
4898; 648,5
4899; 649
4900; 649,5
4901; 650
4902; 650,5
4903; 651
4904; 651,5
4905; 652
4906; 652,5
4907; 653
4908; 653,5
4909; 654
4910; 654,5
4911; 655
4912; 655,5
4913; 656
4914; 656,5
4915; 657
4916; 657,5
4917; 658
4918; 658,5
4919; 659
4920; 659,5
4921; 660
4922; 660,5
4923; 661
4924; 661,5
4925; 662
4926; 662,5
4927; 663
4928; 663,5
4929; 664
4930; 664,5
4931; 665
4932; 665,5
4933; 666
4934; 666,5
4935; 667
4936; 667,5
4937; 668
4938; 668,5
4939; 669
4940; 669,5
4941; 670
4942; 670,5
4943; 671
4944; 671,5
4945; 672
4946; 672,5
4947; 673
4948; 673,5
4949; 674
4950; 674,5
4951; 675
4952; 675,5
4953; 676
4954; 676,5
4955; 677
4956; 677,5
4957; 678
4958; 678,5
4959; 679
4960; 679,5
4961; 680
4962; 680,5
4963; 681
4964; 681,5
4965; 682
4966; 682,5
4967; 683
4968; 683,5
4969; 684
4970; 684,5
4971; 685
4972; 685,5
4973; 686
4974; 686,5
4975; 687
4976; 687,5
4977; 688
4978; 688,5
4979; 689
4980; 689,5
4981; 690
4982; 690,5
4983; 691
4984; 691,5
4985; 692
4986; 692,5
4987; 693
4988; 693,5
4989; 694
4990; 694,5
4991; 695
4992; 695,5
4993; 696
4994; 696,5
4995; 697
4996; 697,5
4997; 698
4998; 698,5
4999; 699
5000; 699,5
5001; 700
5002; 700,5
5003; 701
5004; 701,5
5005; 702
5006; 702,5
5007; 703
5008; 703,5
5009; 704
5010; 704,5
5011; 705
5012; 705,5
5013; 706
5014; 706,5
5015; 707
5016; 707,5
5017; 708
5018; 708,5
5019; 709
5020; 709,5
5021; 710
5022; 710,5
5023; 711
5024; 711,5
5025; 712
5026; 712,5
5027; 713
5028; 713,5
5029; 714
5030; 714,5
5031; 715
5032; 715,5
5033; 716
5034; 716,5
5035; 717
5036; 717,5
5037; 718
5038; 718,5
5039; 719
5040; 719,5
5041; 720
5042; 720,5
5043; 721
5044; 721,5
5045; 722
5046; 722,5
5047; 723
5048; 723,5
5049; 724
5050; 724,5
5051; 725
5052; 725,5
5053; 726
5054; 726,5
5055; 727
5056; 727,5
5057; 728
5058; 728,5
5059; 729
5060; 729,5
5061; 730
5062; 730,5
5063; 731
5064; 731,5
5065; 732
5066; 732,5
5067; 733
5068; 733,5
5069; 734
5070; 734,5
5071; 735
5072; 735,5
5073; 736
5074; 736,5
5075; 737
5076; 737,5
5077; 738
5078; 738,5
5079; 739
5080; 739,5
5081; 740
5082; 740,5
5083; 741
5084; 741,5
5085; 742
5086; 742,5
5087; 743
5088; 743,5
5089; 744
5090; 744,5
5091; 745
5092; 745,5
5093; 746
5094; 746,5
5095; 747
5096; 747,5
5097; 748
5098; 748,5
5099; 749
5100; 749,5
5101; 750
5102; 750,5
5103; 751
5104; 751,5
5105; 752
5106; 752,5
5107; 753
5108; 753,5
5109; 754
5110; 754,5
5111; 755
5112; 755,5
5113; 756
5114; 756,5
5115; 757
5116; 757,5
5117; 758
5118; 758,5
5119; 759
5120; 759,5
5121; 760
5122; 760,5
5123; 761
5124; 761,5
5125; 762
5126; 762,5
5127; 763
5128; 763,5
5129; 764
5130; 764,5
5131; 765
5132; 765,5
5133; 766
5134; 766,5
5135; 767
5136; 767,5
5137; 768
5138; 768,5
5139; 769
5140; 769,5
5141; 770
5142; 770,5
5143; 771
5144; 771,5
5145; 772
5146; 772,5
5147; 773
5148; 773,5
5149; 774
5150; 774,5
5151; 775
5152; 775,5
5153; 776
5154; 776,5
5155; 777
5156; 777,5
5157; 778
5158; 778,5
5159; 779
5160; 779,5
5161; 780
5162; 780,5
5163; 781
5164; 781,5
5165; 782
5166; 782,5
5167; 783
5168; 783,5
5169; 784
5170; 784,5
5171; 785
5172; 785,5
5173; 786
5174; 786,5
5175; 787
5176; 787,5
5177; 788
5178; 788,5
5179; 789
5180; 789,5
5181; 790
5182; 790,5
5183; 791
5184; 791,5
5185; 792
5186; 792,5
5187; 793
5188; 793,5
5189; 794
5190; 794,5
5191; 795
5192; 795,5
5193; 796
5194; 796,5
5195; 797
5196; 797,5
5197; 798
5198; 798,5
5199; 799
5200; 799,5
5201; 800
5202; 800,5
5203; 801
5204; 801,5
5205; 802
5206; 802,5
5207; 803
5208; 803,5
5209; 804
5210; 804,5
5211; 805
5212; 805,5
5213; 806
5214; 806,5
5215; 807
5216; 807,5
5217; 808
5218; 808,5
5219; 809
5220; 809,5
5221; 810
5222; 810,5
5223; 811
5224; 811,5
5225; 812
5226; 812,5
5227; 813
5228; 813,5
5229; 814
5230; 814,5
5231; 815
5232; 815,5
5233; 816
5234; 816,5
5235; 817
5236; 817,5
5237; 818
5238; 818,5
5239; 819
5240; 819,5
5241; 820
5242; 820,5
5243; 821
5244; 821,5
5245; 822
5246; 822,5
5247; 823
5248; 823,5
5249; 824
5250; 824,5
5251; 825
5252; 825,5
5253; 826
5254; 826,5
5255; 827
5256; 827,5
5257; 828
5258; 828,5
5259; 829
5260; 829,5
5261; 830
5262; 830,5
5263; 831
5264; 831,5
5265; 832
5266; 832,5
5267; 833
5268; 833,5
5269; 834
5270; 834,5
5271; 835
5272; 835,5
5273; 836
5274; 836,5
5275; 837
5276; 837,5
5277; 838
5278; 838,5
5279; 839
5280; 839,5
5281; 840
5282; 840,5
5283; 841
5284; 841,5
5285; 842
5286; 842,5
5287; 843
5288; 843,5
5289; 844
5290; 844,5
5291; 845
5292; 845,5
5293; 846
5294; 846,5
5295; 847
5296; 847,5
5297; 848
5298; 848,5
5299; 849
5300; 849,5
5301; 850
5302; 850,5
5303; 851
5304; 851,5
5305; 852
5306; 852,5
5307; 853
5308; 853,5
5309; 854
5310; 854,5
5311; 855
5312; 855,5
5313; 856
5314; 856,5
5315; 857
5316; 857,5
5317; 858
5318; 858,5
5319; 859
5320; 859,5
5321; 860
5322; 860,5
5323; 861
5324; 861,5
5325; 862
5326; 862,5
5327; 863
5328; 863,5
5329; 864
5330; 864,5
5331; 865
5332; 865,5
5333; 866
5334; 866,5
5335; 867
5336; 867,5
5337; 868
5338; 868,5
5339; 869
5340; 869,5
5341; 870
5342; 870,5
5343; 871
5344; 871,5
5345; 872
5346; 872,5
5347; 873
5348; 873,5
5349; 874
5350; 874,5
5351; 875
5352; 875,5
5353; 876
5354; 876,5
5355; 877
5356; 877,5
5357; 878
5358; 878,5
5359; 879
5360; 879,5
5361; 880
5362; 880,5
5363; 881
5364; 881,5
5365; 882
5366; 882,5
5367; 883
5368; 883,5
5369; 884
5370; 884,5
5371; 885
5372; 885,5
5373; 886
5374; 886,5
5375; 887
5376; 887,5
5377; 888
5378; 888,5
5379; 889
5380; 889,5
5381; 890
5382; 890,5
5383; 891
5384; 891,5
5385; 892
5386; 892,5
5387; 893
5388; 893,5
5389; 894
5390; 894,5
5391; 895
5392; 895,5
5393; 896
5394; 896,5
5395; 897
5396; 897,5
5397; 898
5398; 898,5
5399; 899
5400; 899,5
5401; 900
5402; 900,5
5403; 901
5404; 901,5
5405; 902
5406; 902,5
5407; 903
5408; 903,5
5409; 904
5410; 904,5
5411; 905
5412; 905,5
5413; 906
5414; 906,5
5415; 907
5416; 907,5
5417; 908
5418; 908,5
5419; 909
5420; 909,5
5421; 910
5422; 910,5
5423; 911
5424; 911,5
5425; 912
5426; 912,5
5427; 913
5428; 913,5
5429; 914
5430; 914,5
5431; 915
5432; 915,5
5433; 916
5434; 916,5
5435; 917
5436; 917,5
5437; 918
5438; 918,5
5439; 919
5440; 919,5
5441; 920
5442; 920,5
5443; 921
5444; 921,5
5445; 922
5446; 922,5
5447; 923
5448; 923,5
5449; 924
5450; 924,5
5451; 925
5452; 925,5
5453; 926
5454; 926,5
5455; 927
5456; 927,5
5457; 928
5458; 928,5
5459; 929
5460; 929,5
5461; 930
5462; 930,5
5463; 931
5464; 931,5
5465; 932
5466; 932,5
5467; 933
5468; 933,5
5469; 934
5470; 934,5
5471; 935
5472; 935,5
5473; 936
5474; 936,5
5475; 937
5476; 937,5
5477; 938
5478; 938,5
5479; 939
5480; 939,5
5481; 940
5482; 940,5
5483; 941
5484; 941,5
5485; 942
5486; 942,5
5487; 943
5488; 943,5
5489; 944
5490; 944,5
5491; 945
5492; 945,5
5493; 946
5494; 946,5
5495; 947
5496; 947,5
5497; 948
5498; 948,5
5499; 949
5500; 949,5
5501; 950
5502; 950,5
5503; 951
5504; 951,5
5505; 952
5506; 952,5
5507; 953
5508; 953,5
5509; 954
5510; 954,5
5511; 955
5512; 955,5
5513; 956
5514; 956,5
5515; 957
5516; 957,5
5517; 958
5518; 958,5
5519; 959
5520; 959,5
5521; 960
5522; 960,5
5523; 961
5524; 961,5
5525; 962
5526; 962,5
5527; 963
5528; 963,5
5529; 964
5530; 964,5
5531; 965
5532; 965,5
5533; 966
5534; 966,5
5535; 967
5536; 967,5
5537; 968
5538; 968,5
5539; 969
5540; 969,5
5541; 970
5542; 970,5
5543; 971
5544; 971,5
5545; 972
5546; 972,5
5547; 973
5548; 973,5
5549; 974
5550; 974,5
5551; 975
5552; 975,5
5553; 976
5554; 976,5
5555; 977
5556; 977,5
5557; 978
5558; 978,5
5559; 979
5560; 979,5
5561; 980
5562; 980,5
5563; 981
5564; 981,5
5565; 982
5566; 982,5
5567; 983
5568; 983,5
5569; 984
5570; 984,5
5571; 985
5572; 985,5
5573; 986
5574; 986,5
5575; 987
5576; 987,5
5577; 988
5578; 988,5
5579; 989
5580; 989,5
5581; 990
5582; 990,5
5583; 991
5584; 991,5
5585; 992
5586; 992,5
5587; 993
5588; 993,5
5589; 994
5590; 994,5
5591; 995
5592; 995,5
5593; 996
5594; 996,5
5595; 997
5596; 997,5
5597; 998
5598; 998,5
5599; 999
5600; 999,5
5601; 1000
5602; 1000,5
5603; 1001
5604; 1001,5
5605; 1002
5606; 1002,5
5607; 1003
5608; 1003,5
5609; 1004
5610; 1004,5
5611; 1005
5612; 1005,5
5613; 1006
5614; 1006,5
5615; 1007
5616; 1007,5
5617; 1008
5618; 1008,5
5619; 1009
5620; 1009,5
5621; 1010
5622; 1010,5
5623; 1011
5624; 1011,5
5625; 1012
5626; 1012,5
5627; 1013
5628; 1013,5
5629; 1014
5630; 1014,5
5631; 1015
5632; 1015,5
5633; 1016
5634; 1016,5
5635; 1017
5636; 1017,5
5637; 1018
5638; 1018,5
5639; 1019
5640; 1019,5
5641; 1020
5642; 1020,5
5643; 1021
5644; 1021,5
5645; 1022
5646; 1022,5
5647; 1023
5648; 1023,5
5649; 1024
5650; 1024,5
5651; 1025
5652; 1025,5
5653; 1026
5654; 1026,5
5655; 1027
5656; 1027,5
5657; 1028
5658; 1028,5
5659; 1029
5660; 1029,5
5661; 1030
5662; 1030,5
5663; 1031
5664; 1031,5
5665; 1032
5666; 1032,5
5667; 1033
5668; 1033,5
5669; 1034
5670; 1034,5
5671; 1035
5672; 1035,5
5673; 1036
5674; 1036,5
5675; 1037
5676; 1037,5
5677; 1038
5678; 1038,5
5679; 1039
5680; 1039,5
5681; 1040
5682; 1040,5
5683; 1041
5684; 1041,5
5685; 1042
5686; 1042,5
5687; 1043
5688; 1043,5
5689; 1044
5690; 1044,5
5691; 1045
5692; 1045,5
5693; 1046
5694; 1046,5
5695; 1047
5696; 1047,5
5697; 1048
5698; 1048,5
5699; 1049
5700; 1049,5
5701; 1050
5702; 1050,5
5703; 1051
5704; 1051,5
5705; 1052
5706; 1052,5
5707; 1053
5708; 1053,5
5709; 1054
5710; 1054,5
5711; 1055
5712; 1055,5
5713; 1056
5714; 1056,5
5715; 1057
5716; 1057,5
5717; 1058
5718; 1058,5
5719; 1059
5720; 1059,5
5721; 1060
5722; 1060,5
5723; 1061
5724; 1061,5
5725; 1062
5726; 1062,5
5727; 1063
5728; 1063,5
5729; 1064
5730; 1064,5
5731; 1065
5732; 1065,5
5733; 1066
5734; 1066,5
5735; 1067
5736; 1067,5
5737; 1068
5738; 1068,5
5739; 1069
5740; 1069,5
5741; 1070
5742; 1070,5
5743; 1071
5744; 1071,5
5745; 1072
5746; 1072,5
5747; 1073
5748; 1073,5
5749; 1074
5750; 1074,5
5751; 1075
5752; 1075,5
5753; 1076
5754; 1076,5
5755; 1077
5756; 1077,5
5757; 1078
5758; 1078,5
5759; 1079
5760; 1079,5
5761; 1080
5762; 1080,5
5763; 1081
5764; 1081,5
5765; 1082
5766; 1082,5
5767; 1083
5768; 1083,5
5769; 1084
5770; 1084,5
5771; 1085
5772; 1085,5
5773; 1086
5774; 1086,5
5775; 1087
5776; 1087,5
5777; 1088
5778; 1088,5
5779; 1089
5780; 1089,5
5781; 1090
5782; 1090,5
5783; 1091
5784; 1091,5
5785; 1092
5786; 1092,5
5787; 1093
5788; 1093,5
5789; 1094
5790; 1094,5
5791; 1095
5792; 1095,5
5793; 1096
5794; 1096,5
5795; 1097
5796; 1097,5
5797; 1098
5798; 1098,5
5799; 1099
5800; 1099,5
5801; 1100
5802; 1100,5
5803; 1101
5804; 1101,5
5805; 1102
5806; 1102,5
5807; 1103
5808; 1103,5
5809; 1104
5810; 1104,5
5811; 1105
5812; 1105,5
5813; 1106
5814; 1106,5
5815; 1107
5816; 1107,5
5817; 1108
5818; 1108,5
5819; 1109
5820; 1109,5
5821; 1110
5822; 1110,5
5823; 1111
5824; 1111,5
5825; 1112
5826; 1112,5
5827; 1113
5828; 1113,5
5829; 1114
5830; 1114,5
5831; 1115
5832; 1115,5
5833; 1116
5834; 1116,5
5835; 1117
5836; 1117,5
5837; 1118
5838; 1118,5
5839; 1119
5840; 1119,5
5841; 1120
5842; 1120,5
5843; 1121
5844; 1121,5
5845; 1122
5846; 1122,5
5847; 1123
5848; 1123,5
5849; 1124
5850; 1124,5
5851; 1125
5852; 1125,5
5853; 1126
5854; 1126,5
5855; 1127
5856; 1127,5
5857; 1128
5858; 1128,5
5859; 1129
5860; 1129,5
5861; 1130
5862; 1130,5
5863; 1131
5864; 1131,5
5865; 1132
5866; 1132,5
5867; 1133
5868; 1133,5
5869; 1134
5870; 1134,5
5871; 1135
5872; 1135,5
5873; 1136
5874; 1136,5
5875; 1137
5876; 1137,5
5877; 1138
5878; 1138,5
5879; 1139
5880; 1139,5
5881; 1140
5882; 1140,5
5883; 1141
5884; 1141,5
5885; 1142
5886; 1142,5
5887; 1143
5888; 1143,5
5889; 1144
5890; 1144,5
5891; 1145
5892; 1145,5
5893; 1146
5894; 1146,5
5895; 1147
5896; 1147,5
5897; 1148
5898; 1148,5
5899; 1149
5900; 1149,5
5901; 1150
5902; 1150,5
5903; 1151
5904; 1151,5
5905; 1152
5906; 1152,5
5907; 1153
5908; 1153,5
5909; 1154
5910; 1154,5
5911; 1155
5912; 1155,5
5913; 1156
5914; 1156,5
5915; 1157
5916; 1157,5
5917; 1158
5918; 1158,5
5919; 1159
5920; 1159,5
5921; 1160
5922; 1160,5
5923; 1161
5924; 1161,5
5925; 1162
5926; 1162,5
5927; 1163
5928; 1163,5
5929; 1164
5930; 1164,5
5931; 1165
5932; 1165,5
5933; 1166
5934; 1166,5
5935; 1167
5936; 1167,5
5937; 1168
5938; 1168,5
5939; 1169
5940; 1169,5
5941; 1170
5942; 1170,5
5943; 1171
5944; 1171,5
5945; 1172
5946; 1172,5
5947; 1173
5948; 1173,5
5949; 1174
5950; 1174,5
5951; 1175
5952; 1175,5
5953; 1176
5954; 1176,5
5955; 1177
5956; 1177,5
5957; 1178
5958; 1178,5
5959; 1179
5960; 1179,5
5961; 1180
5962; 1180,5
5963; 1181
5964; 1181,5
5965; 1182
5966; 1182,5
5967; 1183
5968; 1183,5
5969; 1184
5970; 1184,5
5971; 1185
5972; 1185,5
5973; 1186
5974; 1186,5
5975; 1187
5976; 1187,5
5977; 1188
5978; 1188,5
5979; 1189
5980; 1189,5
5981; 1190
5982; 1190,5
5983; 1191
5984; 1191,5
5985; 1192
5986; 1192,5
5987; 1193
5988; 1193,5
5989; 1194
5990; 1194,5
5991; 1195
5992; 1195,5
5993; 1196
5994; 1196,5
5995; 1197
5996; 1197,5
5997; 1198
5998; 1198,5
5999; 1199
6000; 1199,5
6001; 1200
6002; 1200,5
6003; 1201
6004; 1201,5
6005; 1202
6006; 1202,5
6007; 1203
6008; 1203,5
6009; 1204
6010; 1204,5
6011; 1205
6012; 1205,5
6013; 1206
6014; 1206,5
6015; 1207
6016; 1207,5
6017; 1208
6018; 1208,5
6019; 1209
6020; 1209,5
6021; 1210
6022; 1210,5
6023; 1211
6024; 1211,5
6025; 1212
6026; 1212,5
6027; 1213
6028; 1213,5
6029; 1214
6030; 1214,5
6031; 1215
6032; 1215,5
6033; 1216
6034; 1216,5
6035; 1217
6036; 1217,5
6037; 1218
6038; 1218,5
6039; 1219
6040; 1219,5
6041; 1220
6042; 1220,5
6043; 1221
6044; 1221,5
6045; 1222
6046; 1222,5
6047; 1223
6048; 1223,5
6049; 1224
6050; 1224,5
6051; 1225
6052; 1225,5
6053; 1226
6054; 1226,5
6055; 1227
6056; 1227,5
6057; 1228
6058; 1228,5
6059; 1229
6060; 1229,5
6061; 1230
6062; 1230,5
6063; 1231
6064; 1231,5
6065; 1232
6066; 1232,5
6067; 1233
6068; 1233,5
6069; 1234
6070; 1234,5
6071; 1235
6072; 1235,5
6073; 1236
6074; 1236,5
6075; 1237
6076; 1237,5
6077; 1238
6078; 1238,5
6079; 1239
6080; 1239,5
6081; 1240
6082; 1240,5
6083; 1241
6084; 1241,5
6085; 1242
6086; 1242,5
6087; 1243
6088; 1243,5
6089; 1244
6090; 1244,5
6091; 1245
6092; 1245,5
6093; 1246
6094; 1246,5
6095; 1247
6096; 1247,5
6097; 1248
6098; 1248,5
6099; 1249
6100; 1249,5
6101; 1250
6102; 1250,5
6103; 1251
6104; 1251,5
6105; 1252
6106; 1252,5
6107; 1253
6108; 1253,5
6109; 1254
6110; 1254,5
6111; 1255
6112; 1255,5
6113; 1256
6114; 1256,5
6115; 1257
6116; 1257,5
6117; 1258
6118; 1258,5
6119; 1259
6120; 1259,5
6121; 1260
6122; 1260,5
6123; 1261
6124; 1261,5
6125; 1262
6126; 1262,5
6127; 1263
6128; 1263,5
6129; 1264
6130; 1264,5
6131; 1265
6132; 1265,5
6133; 1266
6134; 1266,5
6135; 1267
6136; 1267,5
6137; 1268
6138; 1268,5
6139; 1269
6140; 1269,5
6141; 1270
6142; 1270,5
6143; 1271
6144; 1271,5
6145; 1272
6146; 1272,5
6147; 1273
6148; 1273,5
6149; 1274
6150; 1274,5
6151; 1275
6152; 1275,5
6153; 1276
6154; 1276,5
6155; 1277
6156; 1277,5
6157; 1278
6158; 1278,5
6159; 1279
6160; 1279,5
6161; 1280
6162; 1280,5
6163; 1281
6164; 1281,5
6165; 1282
6166; 1282,5
6167; 1283
6168; 1283,5
6169; 1284
6170; 1284,5
6171; 1285
6172; 1285,5
6173; 1286
6174; 1286,5
6175; 1287
6176; 1287,5
6177; 1288
6178; 1288,5
6179; 1289
6180; 1289,5
6181; 1290
6182; 1290,5
6183; 1291
6184; 1291,5
6185; 1292
6186; 1292,5
6187; 1293
6188; 1293,5
6189; 1294
6190; 1294,5
6191; 1295
6192; 1295,5
6193; 1296
6194; 1296,5
6195; 1297
6196; 1297,5
6197; 1298
6198; 1298,5
6199; 1299
6200; 1299,5
6201; 1300
6202; 1300,5
6203; 1301
6204; 1301,5
6205; 1302
6206; 1302,5
6207; 1303
6208; 1303,5
6209; 1304
6210; 1304,5
6211; 1305
6212; 1305,5
6213; 1306
6214; 1306,5
6215; 1307
6216; 1307,5
6217; 1308
6218; 1308,5
6219; 1309
6220; 1309,5
6221; 1310
6222; 1310,5
6223; 1311
6224; 1311,5
6225; 1312
6226; 1312,5
6227; 1313
6228; 1313,5
6229; 1314
6230; 1314,5
6231; 1315
6232; 1315,5
6233; 1316
6234; 1316,5
6235; 1317
6236; 1317,5
6237; 1318
6238; 1318,5
6239; 1319
6240; 1319,5
6241; 1320
6242; 1320,5
6243; 1321
6244; 1321,5
6245; 1322
6246; 1322,5
6247; 1323
6248; 1323,5
6249; 1324
6250; 1324,5
6251; 1325
6252; 1325,5
6253; 1326
6254; 1326,5
6255; 1327
6256; 1327,5
6257; 1328
6258; 1328,5
6259; 1329
6260; 1329,5
6261; 1330
6262; 1330,5
6263; 1331
6264; 1331,5
6265; 1332
6266; 1332,5
6267; 1333
6268; 1333,5
6269; 1334
6270; 1334,5
6271; 1335
6272; 1335,5
6273; 1336
6274; 1336,5
6275; 1337
6276; 1337,5
6277; 1338
6278; 1338,5
6279; 1339
6280; 1339,5
6281; 1340
6282; 1340,5
6283; 1341
6284; 1341,5
6285; 1342
6286; 1342,5
6287; 1343
6288; 1343,5
6289; 1344
6290; 1344,5
6291; 1345
6292; 1345,5
6293; 1346
6294; 1346,5
6295; 1347
6296; 1347,5
6297; 1348
6298; 1348,5
6299; 1349
6300; 1349,5
6301; 1350
6302; 1350,5
6303; 1351
6304; 1351,5
6305; 1352
6306; 1352,5
6307; 1353
6308; 1353,5
6309; 1354
6310; 1354,5
6311; 1355
6312; 1355,5
6313; 1356
6314; 1356,5
6315; 1357
6316; 1357,5
6317; 1358
6318; 1358,5
6319; 1359
6320; 1359,5
6321; 1360
6322; 1360,5
6323; 1361
6324; 1361,5
6325; 1362
6326; 1362,5
6327; 1363
6328; 1363,5
6329; 1364
6330; 1364,5
6331; 1365
6332; 1365,5
6333; 1366
6334; 1366,5
6335; 1367
6336; 1367,5
6337; 1368
6338; 1368,5
6339; 1369
6340; 1369,5
6341; 1370
6342; 1370,5
6343; 1371
6344; 1371,5
6345; 1372
6346; 1372,5
6347; 1373
6348; 1373,5
6349; 1374
6350; 1374,5
6351; 1375
6352; 1375,5
6353; 1376
6354; 1376,5
6355; 1377
6356; 1377,5
6357; 1378
6358; 1378,5
6359; 1379
6360; 1379,5
6361; 1380
6362; 1380,5
6363; 1381
6364; 1381,5
6365; 1382
6366; 1382,5
6367; 1383
6368; 1383,5
6369; 1384
6370; 1384,5
6371; 1385
6372; 1385,5
6373; 1386
6374; 1386,5
6375; 1387
6376; 1387,5
6377; 1388
6378; 1388,5
6379; 1389
6380; 1389,5
6381; 1390
6382; 1390,5
6383; 1391
6384; 1391,5
6385; 1392
6386; 1392,5
6387; 1393
6388; 1393,5
6389; 1394
6390; 1394,5
6391; 1395
6392; 1395,5
6393; 1396
6394; 1396,5
6395; 1397
6396; 1397,5
6397; 1398
6398; 1398,5
6399; 1399
6400; 1399,5
6401; 1400
6402; 1400,5
6403; 1401
6404; 1401,5
6405; 1402
6406; 1402,5
6407; 1403
6408; 1403,5
6409; 1404
6410; 1404,5
6411; 1405
6412; 1405,5
6413; 1406
6414; 1406,5
6415; 1407
6416; 1407,5
6417; 1408
6418; 1408,5
6419; 1409
6420; 1409,5
6421; 1410
6422; 1410,5
6423; 1411
6424; 1411,5
6425; 1412
6426; 1412,5
6427; 1413
6428; 1413,5
6429; 1414
6430; 1414,5
6431; 1415
6432; 1415,5
6433; 1416
6434; 1416,5
6435; 1417
6436; 1417,5
6437; 1418
6438; 1418,5
6439; 1419
6440; 1419,5
6441; 1420
6442; 1420,5
6443; 1421
6444; 1421,5
6445; 1422
6446; 1422,5
6447; 1423
6448; 1423,5
6449; 1424
6450; 1424,5
6451; 1425
6452; 1425,5
6453; 1426
6454; 1426,5
6455; 1427
6456; 1427,5
6457; 1428
6458; 1428,5
6459; 1429
6460; 1429,5
6461; 1430
6462; 1430,5
6463; 1431
6464; 1431,5
6465; 1432
6466; 1432,5
6467; 1433
6468; 1433,5
6469; 1434
6470; 1434,5
6471; 1435
6472; 1435,5
6473; 1436
6474; 1436,5
6475; 1437
6476; 1437,5
6477; 1438
6478; 1438,5
6479; 1439
6480; 1439,5
6481; 1440
6482; 1440,5
6483; 1441
6484; 1441,5
6485; 1442
6486; 1442,5
6487; 1443
6488; 1443,5
6489; 1444
6490; 1444,5
6491; 1445
6492; 1445,5
6493; 1446
6494; 1446,5
6495; 1447
6496; 1447,5
6497; 1448
6498; 1448,5
6499; 1449
6500; 1449,5
6501; 1450
6502; 1450,5
6503; 1451
6504; 1451,5
6505; 1452
6506; 1452,5
6507; 1453
6508; 1453,5
6509; 1454
6510; 1454,5
6511; 1455
6512; 1455,5
6513; 1456
6514; 1456,5
6515; 1457
6516; 1457,5
6517; 1458
6518; 1458,5
6519; 1459
6520; 1459,5
6521; 1460
6522; 1460,5
6523; 1461
6524; 1461,5
6525; 1462
6526; 1462,5
6527; 1463
6528; 1463,5
6529; 1464
6530; 1464,5
6531; 1465
6532; 1465,5
6533; 1466
6534; 1466,5
6535; 1467
6536; 1467,5
6537; 1468
6538; 1468,5
6539; 1469
6540; 1469,5
6541; 1470
6542; 1470,5
6543; 1471
6544; 1471,5
6545; 1472
6546; 1472,5
6547; 1473
6548; 1473,5
6549; 1474
6550; 1474,5
6551; 1475
6552; 1475,5
6553; 1476
6554; 1476,5
6555; 1477
6556; 1477,5
6557; 1478
6558; 1478,5
6559; 1479
6560; 1479,5
6561; 1480
6562; 1480,5
6563; 1481
6564; 1481,5
6565; 1482
6566; 1482,5
6567; 1483
6568; 1483,5
6569; 1484
6570; 1484,5
6571; 1485
6572; 1485,5
6573; 1486
6574; 1486,5
6575; 1487
6576; 1487,5
6577; 1488
6578; 1488,5
6579; 1489
6580; 1489,5
6581; 1490
6582; 1490,5
6583; 1491
6584; 1491,5
6585; 1492
6586; 1492,5
6587; 1493
6588; 1493,5
6589; 1494
6590; 1494,5
6591; 1495
6592; 1495,5
6593; 1496
6594; 1496,5
6595; 1497
6596; 1497,5
6597; 1498
6598; 1498,5
6599; 1499
6600; 1499,5
6601; 1500
6602; 1500,5
6603; 1501
6604; 1501,5
6605; 1502
6606; 1502,5
6607; 1503
6608; 1503,5
6609; 1504
6610; 1504,5
6611; 1505
6612; 1505,5
6613; 1506
6614; 1506,5
6615; 1507
6616; 1507,5
6617; 1508
6618; 1508,5
6619; 1509
6620; 1509,5
6621; 1510
6622; 1510,5
6623; 1511
6624; 1511,5
6625; 1512
6626; 1512,5
6627; 1513
6628; 1513,5
6629; 1514
6630; 1514,5
6631; 1515
6632; 1515,5
6633; 1516
6634; 1516,5
6635; 1517
6636; 1517,5
6637; 1518
6638; 1518,5
6639; 1519
6640; 1519,5
6641; 1520
6642; 1520,5
6643; 1521
6644; 1521,5
6645; 1522
6646; 1522,5
6647; 1523
6648; 1523,5
6649; 1524
6650; 1524,5
6651; 1525
6652; 1525,5
6653; 1526
6654; 1526,5
6655; 1527
6656; 1527,5
6657; 1528
6658; 1528,5
6659; 1529
6660; 1529,5
6661; 1530
6662; 1530,5
6663; 1531
6664; 1531,5
6665; 1532
6666; 1532,5
6667; 1533
6668; 1533,5
6669; 1534
6670; 1534,5
6671; 1535
6672; 1535,5
6673; 1536
6674; 1536,5
6675; 1537
6676; 1537,5
6677; 1538
6678; 1538,5
6679; 1539
6680; 1539,5
6681; 1540
6682; 1540,5
6683; 1541
6684; 1541,5
6685; 1542
6686; 1542,5
6687; 1543
6688; 1543,5
6689; 1544
6690; 1544,5
6691; 1545
6692; 1545,5
6693; 1546
6694; 1546,5
6695; 1547
6696; 1547,5
6697; 1548
6698; 1548,5
6699; 1549
6700; 1549,5
6701; 1550
6702; 1550,5
6703; 1551
6704; 1551,5
6705; 1552
6706; 1552,5
6707; 1553
6708; 1553,5
6709; 1554
6710; 1554,5
6711; 1555
6712; 1555,5
6713; 1556
6714; 1556,5
6715; 1557
6716; 1557,5
6717; 1558
6718; 1558,5
6719; 1559
6720; 1559,5
6721; 1560
6722; 1560,5
6723; 1561
6724; 1561,5
6725; 1562
6726; 1562,5
6727; 1563
6728; 1563,5
6729; 1564
6730; 1564,5
6731; 1565
6732; 1565,5
6733; 1566
6734; 1566,5
6735; 1567
6736; 1567,5
6737; 1568
6738; 1568,5
6739; 1569
6740; 1569,5
6741; 1570
6742; 1570,5
6743; 1571
6744; 1571,5
6745; 1572
6746; 1572,5
6747; 1573
6748; 1573,5
6749; 1574
6750; 1574,5
6751; 1575
6752; 1575,5
6753; 1576
6754; 1576,5
6755; 1577
6756; 1577,5
6757; 1578
6758; 1578,5
6759; 1579
6760; 1579,5
6761; 1580
6762; 1580,5
6763; 1581
6764; 1581,5
6765; 1582
6766; 1582,5
6767; 1583
6768; 1583,5
6769; 1584
6770; 1584,5
6771; 1585
6772; 1585,5
6773; 1586
6774; 1586,5
6775; 1587
6776; 1587,5
6777; 1588
6778; 1588,5
6779; 1589
6780; 1589,5
6781; 1590
6782; 1590,5
6783; 1591
6784; 1591,5
6785; 1592
6786; 1592,5
6787; 1593
6788; 1593,5
6789; 1594
6790; 1594,5
6791; 1595
6792; 1595,5
6793; 1596
6794; 1596,5
6795; 1597
6796; 1597,5
6797; 1598
6798; 1598,5
6799; 1599
6800; 1599,5
6801; 1600
6802; 1600,5
6803; 1601
6804; 1601,5
6805; 1602
6806; 1602,5
6807; 1603
6808; 1603,5
6809; 1604
6810; 1604,5
6811; 1605
6812; 1605,5
6813; 1606
6814; 1606,5
6815; 1607
6816; 1607,5
6817; 1608
6818; 1608,5
6819; 1609
6820; 1609,5
6821; 1610
6822; 1610,5
6823; 1611
6824; 1611,5
6825; 1612
6826; 1612,5
6827; 1613
6828; 1613,5
6829; 1614
6830; 1614,5
6831; 1615
6832; 1615,5
6833; 1616
6834; 1616,5
6835; 1617
6836; 1617,5
6837; 1618
6838; 1618,5
6839; 1619
6840; 1619,5
6841; 1620
6842; 1620,5
6843; 1621
6844; 1621,5
6845; 1622
6846; 1622,5
6847; 1623
6848; 1623,5
6849; 1624
6850; 1624,5
6851; 1625
6852; 1625,5
6853; 1626
6854; 1626,5
6855; 1627
6856; 1627,5
6857; 1628
6858; 1628,5
6859; 1629
6860; 1629,5
6861; 1630
6862; 1630,5
6863; 1631
6864; 1631,5
6865; 1632
6866; 1632,5
6867; 1633
6868; 1633,5
6869; 1634
6870; 1634,5
6871; 1635
6872; 1635,5
6873; 1636
6874; 1636,5
6875; 1637
6876; 1637,5
6877; 1638
6878; 1638,5
6879; 1639
6880; 1639,5
6881; 1640
6882; 1640,5
6883; 1641
6884; 1641,5
6885; 1642
6886; 1642,5
6887; 1643
6888; 1643,5
6889; 1644
6890; 1644,5
6891; 1645
6892; 1645,5
6893; 1646
6894; 1646,5
6895; 1647
6896; 1647,5
6897; 1648
6898; 1648,5
6899; 1649
6900; 1649,5
6901; 1650
6902; 1650,5
6903; 1651
6904; 1651,5
6905; 1652
6906; 1652,5
6907; 1653
6908; 1653,5
6909; 1654
6910; 1654,5
6911; 1655
6912; 1655,5
6913; 1656
6914; 1656,5
6915; 1657
6916; 1657,5
6917; 1658
6918; 1658,5
6919; 1659
6920; 1659,5
6921; 1660
6922; 1660,5
6923; 1661
6924; 1661,5
6925; 1662
6926; 1662,5
6927; 1663
6928; 1663,5
6929; 1664
6930; 1664,5
6931; 1665
6932; 1665,5
6933; 1666
6934; 1666,5
6935; 1667
6936; 1667,5
6937; 1668
6938; 1668,5
6939; 1669
6940; 1669,5
6941; 1670
6942; 1670,5
6943; 1671
6944; 1671,5
6945; 1672
6946; 1672,5
6947; 1673
6948; 1673,5
6949; 1674
6950; 1674,5
6951; 1675
6952; 1675,5
6953; 1676
6954; 1676,5
6955; 1677
6956; 1677,5
6957; 1678
6958; 1678,5
6959; 1679
6960; 1679,5
6961; 1680
6962; 1680,5
6963; 1681
6964; 1681,5
6965; 1682
6966; 1682,5
6967; 1683
6968; 1683,5
6969; 1684
6970; 1684,5
6971; 1685
6972; 1685,5
6973; 1686
6974; 1686,5
6975; 1687
6976; 1687,5
6977; 1688
6978; 1688,5
6979; 1689
6980; 1689,5
6981; 1690
6982; 1690,5
6983; 1691
6984; 1691,5
6985; 1692
6986; 1692,5
6987; 1693
6988; 1693,5
6989; 1694
6990; 1694,5
6991; 1695
6992; 1695,5
6993; 1696
6994; 1696,5
6995; 1697
6996; 1697,5
6997; 1698
6998; 1698,5
6999; 1699
7000; 1699,5
7001; 1700
7002; 1700,5
7003; 1701
7004; 1701,5
7005; 1702
7006; 1702,5
7007; 1703
7008; 1703,5
7009; 1704
7010; 1704,5
7011; 1705
7012; 1705,5
7013; 1706
7014; 1706,5
7015; 1707
7016; 1707,5
7017; 1708
7018; 1708,5
7019; 1709
7020; 1709,5
7021; 1710
7022; 1710,5
7023; 1711
7024; 1711,5
7025; 1712
7026; 1712,5
7027; 1713
7028; 1713,5
7029; 1714
7030; 1714,5
7031; 1715
7032; 1715,5
7033; 1716
7034; 1716,5
7035; 1717
7036; 1717,5
7037; 1718
7038; 1718,5
7039; 1719
7040; 1719,5
7041; 1720
7042; 1720,5
7043; 1721
7044; 1721,5
7045; 1722
7046; 1722,5
7047; 1723
7048; 1723,5
7049; 1724
7050; 1724,5
7051; 1725
7052; 1725,5
7053; 1726
7054; 1726,5
7055; 1727
7056; 1727,5
7057; 1728
7058; 1728,5
7059; 1729
7060; 1729,5
7061; 1730
7062; 1730,5
7063; 1731
7064; 1731,5
7065; 1732
7066; 1732,5
7067; 1733
7068; 1733,5
7069; 1734
7070; 1734,5
7071; 1735
7072; 1735,5
7073; 1736
7074; 1736,5
7075; 1737
7076; 1737,5
7077; 1738
7078; 1738,5
7079; 1739
7080; 1739,5
7081; 1740
7082; 1740,5
7083; 1741
7084; 1741,5
7085; 1742
7086; 1742,5
7087; 1743
7088; 1743,5
7089; 1744
7090; 1744,5
7091; 1745
7092; 1745,5
7093; 1746
7094; 1746,5
7095; 1747
7096; 1747,5
7097; 1748
7098; 1748,5
7099; 1749
7100; 1749,5
7101; 1750
7102; 1750,5
7103; 1751
7104; 1751,5
7105; 1752
7106; 1752,5
7107; 1753
7108; 1753,5
7109; 1754
7110; 1754,5
7111; 1755
7112; 1755,5
7113; 1756
7114; 1756,5
7115; 1757
7116; 1757,5
7117; 1758
7118; 1758,5
7119; 1759
7120; 1759,5
7121; 1760
7122; 1760,5
7123; 1761
7124; 1761,5
7125; 1762
7126; 1762,5
7127; 1763
7128; 1763,5
7129; 1764
7130; 1764,5
7131; 1765
7132; 1765,5
7133; 1766
7134; 1766,5
7135; 1767
7136; 1767,5
7137; 1768
7138; 1768,5
7139; 1769
7140; 1769,5
7141; 1770
7142; 1770,5
7143; 1771
7144; 1771,5
7145; 1772
7146; 1772,5
7147; 1773
7148; 1773,5
7149; 1774
7150; 1774,5
7151; 1775
7152; 1775,5
7153; 1776
7154; 1776,5
7155; 1777
7156; 1777,5
7157; 1778
7158; 1778,5
7159; 1779
7160; 1779,5
7161; 1780
7162; 1780,5
7163; 1781
7164; 1781,5
7165; 1782
7166; 1782,5
7167; 1783
7168; 1783,5
7169; 1784
7170; 1784,5
7171; 1785
7172; 1785,5
7173; 1786
7174; 1786,5
7175; 1787
7176; 1787,5
7177; 1788
7178; 1788,5
7179; 1789
7180; 1789,5
7181; 1790
7182; 1790,5
7183; 1791
7184; 1791,5
7185; 1792
7186; 1792,5
7187; 1793
7188; 1793,5
7189; 1794
7190; 1794,5
7191; 1795
7192; 1795,5
7193; 1796
7194; 1796,5
7195; 1797
7196; 1797,5
7197; 1798
7198; 1798,5
7199; 1799
7200; 1799,5
